
strategic_region={
	id=125
	name="STRATEGICREGION_125"
	provinces={
		1446 1524 1529 2132 2150 2153 2164 2175 2178 2190 2214 2227 2228 4533 4548 4617 5107 5112 5115 5153 5156 5167 5168 5172 5174 5182 5194 5200 5204 5208 5218 5220 5223 7553 7561 8129 8143 8177 8179 8181 8184 8190 8196 8197 8226 8227 8233 8242 10345 10392 10405 10419 10432 10513 10874 10926 10933 10939 10946 10959 10967 10980 10984 10989 10998 10999 11002 12334 12422 12466 12853 12903 12913 12933 12938 12951 12961 12996 12999 
	}
	weather={
	}
}
