
strategic_region={
	id=279
	name="STRATEGICREGION_283"
	provinces={
		804 1005 1122 1947 1955 1973 1977 2003 2012 2018 2046 2057 2064 2088 3870 4126 4138 4910 4924 4932 4961 4963 4968 4974 4993 5024 5027 5049 5058 5081 6925 6956 7925 7989 7995 8002 8004 8020 8030 8060 8101 8105 8118 10743 10745 10752 10760 10784 10791 10815 10840 10844 10850 10870 10900 10901 10902 10907 10923 11746 12099 12101 12455 12702 12725 12727 12733 12740 12749 12768 12796 12806 12813 12816 12826 12836 12879 12881 12902 13122 
	}
	weather={
	}
}
